23041900 002 2 035 1596 1008     000                                            
23041906 002 2 043 1591 1004     000                                            
23041912 002 2 053 1587 1008     000                                            
23041918 002 2 069 1580 1004     000                                            
23042000 002 2 081 1578 1006     000                                            
23042006 002 2 091 1571 1002     000                                            
23042012 002 3 096 1566 1000     035     00000 0000 10120 0090                  
23042018 002 3 099 1563  998     040     00000 0000 10120 0090                  
23042100 002 3 101 1560  998     040     00000 0000 10120 0090                  
23042106 002 3 103 1557  996     045     00000 0000 10120 0090                  
23042112 002 3 104 1553 1000     040     00000 0000 10120 0090                  
23042118 002 3 104 1545 1002     035     00000 0000 10120 0090                  
23042200 002 2 103 1538 1006     000                                            
23042206 002 2 103 1531 1004     000                                            
23051918 002 2 061 1496 1004     000                                            
23052000 002 2 061 1494 1004     000                                            
23052006 002 2 061 1492 1004     000                                            
23052012 002 3 062 1491 1000     035     00000 0000 90180 0180                  
23052018 002 3 066 1490  994     045     00000 0000 90180 0180                  
23052100 002 4 070 1487  992     050     00000 0000 90180 0180                  
23052106 002 4 073 1484  992     050     00000 0000 90180 0180                  
23052112 002 4 076 1479  990     055     90020 0020 90180 0180                  
23052118 002 5 079 1476  980     065     90020 0020 90180 0180                  
23052200 002 5 086 1473  980     065     90030 0030 90180 0180                  
23052206 002 5 092 1471  975     070     90030 0030 90180 0180                  
23052212 002 5 098 1469  970     075     90030 0030 90180 0180                  
23052218 002 5 105 1469  940     095     90065 0065 90180 0180                  
23052300 002 5 112 1469  940     095     90065 0065 90180 0180                  
23052306 002 5 118 1465  920     105     90080 0080 90180 0180                  
23052312 002 5 122 1460  920     105     90080 0080 90180 0180                  
23052318 002 5 125 1457  920     105     90080 0080 90180 0180                  
23052400 002 5 131 1455  935     095     90080 0080 10180 0150                  
23052406 002 5 136 1452  935     095     90080 0080 10180 0150                  
23052412 002 5 138 1447  935     095     90080 0080 10180 0150                  
23052418 002 5 141 1441  935     095     90080 0080 10180 0150                  
23052500 002 5 142 1435  925     100     90090 0090 10240 0180                  
23052506 002 5 146 1428  905     110     90100 0100 10240 0180                  
23052512 002 5 148 1415  900     115     90100 0100 10270 0180                  
23052518 002 5 149 1404  900     115     90100 0100 10270 0180                  
23052600 002 5 151 1392  900     115     90100 0100 10270 0240                  
23052606 002 5 154 1379  900     115     90100 0100 10270 0240                  
23052612 002 5 157 1365  900     115     90100 0100 10300 0240                  
23052618 002 5 160 1349  900     115     90100 0100 10300 0240                  
23052700 002 5 164 1335  910     105     10120 0100 10375 0300                  
23052706 002 5 166 1322  925     095     10130 0090 10375 0300                  
23052712 002 5 168 1309  945     085     10130 0090 10375 0300                  
23052718 002 5 171 1297  945     085     10130 0090 10375 0300                  
23052800 002 5 172 1287  945     085     10130 0090 10425 0325                  
23052806 002 5 176 1279  945     085     10120 0080 10425 0325                  
23052812 002 5 180 1274  945     085     20120 0080 20425 0325                  
23052818 002 5 186 1267  945     085     20120 0080 20425 0325                  
23052900 002 5 190 1262  945     085     20120 0080 20425 0300                  
23052906 002 5 194 1258  945     085     20120 0080 20425 0300                  
23052912 002 5 197 1256  945     085     30120 0080 30400 0300                  
23052918 002 5 201 1254  945     085     30120 0080 30400 0300                  
23053000 002 5 203 1251  950     080     30120 0080 30400 0270                  
23053006 002 5 206 1250  950     080     30120 0080 30400 0270                  
23053012 002 5 208 1250  955     070     30100 0070 30375 0240                  
23053018 002 5 212 1250  955     070     30100 0070 30375 0240                  
23053100 002 5 214 1251  955     070     30100 0070 30375 0240                  
23053106 002 5 222 1253  960     065     30100 0070 30375 0240                  
23053109 002 5 225 1254  960     065     30100 0070 30375 0240                  
23053112 002 5 227 1254  960     065     30100 0060 30375 0240                  
23053115 002 5 230 1255  960     065     30100 0060 30375 0240                  
23053118 002 4 236 1256  965     060     20090 0060 30375 0240                  
23053121 002 4 238 1257  965     060     20090 0060 30375 0240                  
23060100 002 4 241 1258  970     050     00000 0000 30350 0240                  
23060103 002 4 246 1260  970     050     00000 0000 30350 0240                  
23060106 002 4 249 1261  970     050     00000 0000 30350 0240                  
23060109 002 4 254 1266  970     050     00000 0000 30350 0240                  
23060112 002 4 259 1271  970     050     00000 0000 20325 0240                  
23060115 002 4 264 1276  970     050     00000 0000 20325 0240                  
23060118 002 4 269 1281  970     050     00000 0000 20325 0240                  
23060121 002 4 272 1288  970     050     00000 0000 20325 0240                  
23060200 002 3 274 1294  975     045     00000 0000 30325 0210                  
23060206 002 3 282 1310  975     045     00000 0000 30325 0210                  
23060212 002 3 289 1328  980     045     00000 0000 30300 0210                  
23060218 002 3 297 1352  980     045     00000 0000 30300 0210                  
23060300 002 6 306 1378  984     000                                            
23060306 002 6 324 1408  990     000                                            
23060312 002 6 337 1447  996     000                                            
23060600 002 2 128 1350 1004     000                                            
23060606 002 2 131 1351 1002     000                                            
23060612 002 3 136 1351 1000     035     00000 0000 20180 0120                  
23060618 002 3 141 1349 1000     035     00000 0000 20180 0120                  
23060700 002 3 147 1343  998     040     00000 0000 20180 0120                  
23060706 002 3 150 1338  996     040     00000 0000 20180 0120                  
23060712 002 3 151 1332  992     045     00000 0000 20210 0150                  
23060718 002 4 155 1324  990     050     00000 0000 20210 0150                  
23060800 002 4 158 1316  985     055     90060 0060 20210 0150                  
23060806 002 4 160 1311  980     060     90060 0060 20210 0150                  
23060812 002 5 163 1308  970     070     90060 0060 10240 0180                  
23060818 002 5 168 1304  965     075     90060 0060 10240 0180                  
23060900 002 5 172 1304  965     075     90060 0060 10240 0210                  
23060906 002 5 178 1301  965     075     90060 0060 10240 0210                  
23060912 002 5 181 1299  965     075     90060 0060 10240 0210                  
23060918 002 5 185 1299  960     080     90070 0070 10240 0210                  
23061000 002 5 189 1299  960     080     90070 0070 10240 0210                  
23061006 002 5 199 1302  960     080     20080 0060 20240 0180                  
23061012 002 5 207 1305  960     075     20080 0060 20240 0180                  
23061018 002 5 218 1311  965     070     20080 0060 20240 0180                  
23061100 002 5 230 1317  970     065     30080 0060 30240 0150                  
23061106 002 4 242 1326  975     060     30080 0060 30270 0150                  
23061112 002 4 256 1338  980     055     30080 0060 30300 0150                  
23061118 002 4 264 1353  980     055     30070 0050 30300 0150                  
23061200 002 4 279 1369  980     055     30060 0040 30300 0150                  
23061206 002 4 295 1381  985     050     00000 0000 30300 0150                  
23061212 002 6 305 1395  990     000                                            
23061218 002 6 320 1420  990     000                                            
23061300 002 6 336 1440  992     000                                            
23061306 002 6 345 1464  992     000                                            
23061312 002 6 358 1488  996     000                                            
23061318 002 6 381 1520  996     000                                            
23061400 002 6 385 1550  996     000                                            
23061406 002 6 391 1585  996     000                                            
23061412 002 6 393 1620  996     000                                            
23061418 002 6 390 1665  998     000                                            
23061500 002 6 387 1695  998     000                                            
23061506 002 6 389 1710  996     000                                            
23061512 002 6 389 1728  994     000                                            
23061518 002 6 393 1745  990     000                                            
23061600 002 6 392 1765  986     000                                            
23061606 002 6 396 1781  984     000                                            
23061612 002 6 396 1796  984     000                                            
23061618 002 6 397 1809  986     000                                            
23071306 002 2 157 1223 1002     000                                            
23071312 002 2 164 1223 1002     000                                            
23071318 002 2 169 1221 1000     000                                            
23071400 002 2 181 1215 1000     000                                            
23071406 002 2 179 1203 1000     000                                            
23071412 002 2 174 1193  998     000                                            
23071418 002 2 178 1186  996     000                                            
23071500 002 2 182 1181  996     000                                            
23071506 002 3 182 1178  992     035     00000 0000 30200 0180                  
23071512 002 3 183 1170  990     040     00000 0000 30200 0180                  
23071518 002 3 186 1167  985     045     00000 0000 30200 0180                  
23071600 002 4 188 1161  980     050     00000 0000 30200 0180                  
23071606 002 4 192 1153  980     050     00000 0000 30200 0180                  
23071612 002 4 195 1146  980     050     00000 0000 30200 0180                  
23071618 002 4 197 1138  975     055     90050 0050 30240 0180                  
23071700 002 4 201 1130  970     060     90050 0050 30240 0180                  
23071706 002 4 207 1121  970     060     90050 0050 30240 0180                  
23071712 002 4 212 1108  970     060     90050 0050 20240 0150                  
23071718 002 4 214 1097  975     055     90050 0050 20240 0120                  
23071800 002 4 217 1088  980     050     00000 0000 20240 0120                  
23071806 002 3 224 1075  985     045     00000 0000 90120 0120                  
23071812 002 2 220 1063  996     000                                            
23071818 002 2 221 1058 1000     000                                            
23072006 002 2 126 1337 1004     000                                            
23072012 002 2 132 1337 1006     000                                            
23072018 002 2 137 1335 1004     000                                            
23072100 002 3 138 1330 1002     035     00000 0000 10240 0180                  
23072106 002 3 139 1328 1002     035     00000 0000 10240 0180                  
23072112 002 3 140 1325 1002     035     00000 0000 10240 0180                  
23072118 002 3 142 1322 1002     035     00000 0000 10240 0180                  
23072200 002 3 143 1317  998     040     00000 0000 10240 0180                  
23072206 002 3 143 1310  998     040     00000 0000 10240 0180                  
23072212 002 3 144 1303  994     045     00000 0000 10240 0180                  
23072218 002 4 146 1297  990     050     00000 0000 90240 0240                  
23072300 002 4 147 1290  985     055     90060 0060 90240 0240                  
23072306 002 4 149 1283  980     060     90060 0060 90240 0240                  
23072312 002 4 150 1278  980     060     90060 0060 90240 0240                  
23072318 002 5 151 1270  970     070     90075 0075 30270 0240                  
23072400 002 5 152 1266  965     075     90075 0075 30270 0240                  
23072406 002 5 157 1263  950     085     90075 0075 30300 0270                  
23072412 002 5 165 1258  940     090     90090 0090 30300 0270                  
23072418 002 5 169 1251  925     100     90100 0100 30300 0270                  
23072500 002 5 176 1246  925     100     90100 0100 30350 0300                  
23072506 002 5 183 1237  925     100     90100 0100 30350 0300                  
23072512 002 5 189 1227  925     100     90100 0100 30350 0300                  
23072518 002 5 190 1216  925     100     90100 0100 30350 0300                  
23072600 002 5 189 1214  940     090     90090 0090 20350 0300                  
23072606 002 5 193 1210  950     085     90090 0090 20350 0300                  
23072612 002 5 195 1206  955     080     90070 0070 20325 0240                  
23072618 002 5 200 1200  955     080     90070 0070 20325 0240                  
23072700 002 5 207 1198  955     075     90060 0060 10325 0240                  
23072706 002 5 211 1193  955     075     90060 0060 10325 0240                  
23072712 002 5 218 1191  955     080     90060 0060 10325 0240                  
23072718 002 5 228 1189  955     080     90060 0060 10375 0240                  
23072800 002 5 242 1188  965     070     90060 0060 10375 0240                  
23072806 002 4 253 1183  985     050     00000 0000 10350 0240                  
23072812 002 3 271 1179  994     040     00000 0000 90240 0240                  
23072818 002 3 289 1170  996     035     00000 0000 90120 0120                  
23072900 002 2 306 1151  998     000                                            
23072906 002 2 319 1147  998     000                                            
23072912 002 2 330 1145  998     000                                            
23072918 002 2 338 1144  998     000                                            
23073000 002 2 354 1140 1000     000                                            
23073006 002 2 361 1137 1000     000                                            
23073012 002 2 367 1135 1000     000                                            
23072618 002 2 105 1381 1006     000                                            
23072700 002 2 109 1377 1006     000                                            
23072706 002 2 112 1372 1004     000                                            
23072712 002 2 116 1369 1004     000                                            
23072718 002 2 122 1366 1002     000                                            
23072800 002 3 128 1363 1000     035     00000 0000 40350 0270                  
23072806 002 3 135 1359  998     035     00000 0000 40350 0270                  
23072812 002 3 141 1355  998     035     00000 0000 40350 0300                  
23072818 002 3 149 1347  996     040     00000 0000 90350 0350                  
23072900 002 3 156 1341  996     040     00000 0000 90350 0350                  
23072906 002 3 161 1338  992     045     00000 0000 90350 0350                  
23072912 002 4 168 1336  985     050     00000 0000 90350 0350                  
23072918 002 4 176 1331  980     055     90070 0070 90350 0350                  
23073000 002 5 184 1329  970     065     90070 0070 90350 0350                  
23073006 002 5 196 1327  965     070     90070 0070 90350 0350                  
23073012 002 5 203 1324  960     075     90070 0070 90350 0350                  
23073018 002 5 211 1321  950     080     90090 0090 90350 0350                  
23073021 002 5 215 1321  950     080     90090 0090 90350 0350                  
23073100 002 5 220 1320  945     085     90100 0100 90325 0325                  
23073103 002 5 224 1318  945     085     90100 0100 90325 0325                  
23073106 002 5 228 1316  945     085     90100 0100 90325 0325                  
23073109 002 5 231 1313  945     085     90100 0100 90325 0325                  
23073112 002 5 234 1311  935     090     90120 0120 90325 0325                  
23073115 002 5 238 1307  935     090     90120 0120 90325 0325                  
23073118 002 5 241 1303  935     090     90120 0120 90325 0325                  
23073121 002 5 244 1298  935     090     90120 0120 90325 0325                  
23080100 002 5 246 1294  930     095     20150 0120 20325 0270                  
23080103 002 5 248 1290  930     095     20150 0120 20325 0270                  
23080106 002 5 250 1287  930     095     20150 0120 20325 0270                  
23080109 002 5 252 1284  930     095     20150 0120 20325 0270                  
23080112 002 5 253 1280  930     095     20150 0120 20325 0270                  
23080115 002 5 253 1276  930     095     20150 0120 20325 0270                  
23080118 002 5 255 1274  935     090     90120 0120 30350 0270                  
23080121 002 5 257 1270  935     090     90120 0120 30350 0270                  
23080200 002 5 257 1269  935     090     90120 0120 30350 0270                  
23080203 002 5 261 1265  935     090     90120 0120 30350 0270                  
23080206 002 5 261 1261  935     090     90120 0120 30350 0270                  
23080209 002 5 261 1258  935     090     90120 0120 30350 0270                  
23080212 002 5 262 1256  935     090     90120 0120 30350 0270                  
23080215 002 5 262 1253  935     090     90120 0120 30350 0270                  
23080218 002 5 265 1250  935     090     90120 0120 30350 0270                  
23080221 002 5 265 1248  935     090     90120 0120 30350 0270                  
23080300 002 5 266 1247  940     085     20120 0090 40400 0240                  
23080303 002 5 267 1245  940     085     20120 0090 40400 0240                  
23080306 002 5 266 1242  945     080     20120 0090 40400 0240                  
23080309 002 5 266 1242  945     080     20120 0090 40400 0240                  
23080312 002 5 266 1242  960     070     20120 0090 40400 0240                  
23080315 002 5 267 1243  960     070     20120 0090 40400 0240                  
23080318 002 5 268 1243  965     065     20120 0090 40400 0240                  
23080321 002 5 269 1244  965     065     20120 0090 40400 0240                  
23080400 002 4 270 1245  970     060     30120 0090 40350 0240                  
23080403 002 4 270 1248  970     060     30120 0090 40350 0240                  
23080406 002 4 272 1251  970     060     30120 0090 40350 0240                  
23080409 002 4 273 1255  970     060     30120 0090 40350 0240                  
23080412 002 4 275 1257  970     060     30120 0090 40350 0240                  
23080415 002 4 275 1260  970     060     30120 0090 40350 0240                  
23080418 002 4 277 1264  970     055     30120 0090 40300 0210                  
23080421 002 4 278 1266  970     055     30120 0090 40300 0210                  
23080500 002 4 277 1268  970     055     30120 0090 30300 0210                  
23080503 002 4 277 1272  970     055     30120 0090 30300 0210                  
23080506 002 4 278 1276  970     050     00000 0000 30270 0210                  
23080509 002 4 278 1281  970     050     00000 0000 30270 0210                  
23080512 002 4 278 1284  970     050     00000 0000 30270 0210                  
23080515 002 4 279 1287  970     050     00000 0000 30270 0210                  
23080518 002 4 280 1289  970     050     00000 0000 30270 0210                  
23080521 002 4 279 1290  970     050     00000 0000 30270 0210                  
23080600 002 4 278 1295  970     050     00000 0000 40240 0210                  
23080603 002 4 278 1297  970     050     00000 0000 40240 0210                  
23080606 002 4 278 1299  970     050     00000 0000 40240 0210                  
23080609 002 4 278 1303  970     050     00000 0000 40240 0210                  
23080612 002 4 274 1304  970     050     00000 0000 40240 0210                  
23080615 002 4 274 1307  970     050     00000 0000 40240 0210                  
23080618 002 4 275 1309  970     050     00000 0000 30240 0210                  
23080621 002 4 276 1310  970     050     00000 0000 30240 0210                  
23080700 002 4 278 1312  970     050     00000 0000 30240 0210                  
23080703 002 4 279 1312  970     050     00000 0000 30240 0210                  
23080706 002 4 279 1311  970     050     00000 0000 30240 0210                  
23080709 002 4 280 1311  970     050     00000 0000 30240 0210                  
23080712 002 3 282 1311  975     045     00000 0000 30240 0210                  
23080715 002 3 283 1311  975     045     00000 0000 30240 0210                  
23080718 002 3 284 1311  975     045     00000 0000 30240 0210                  
23080721 002 3 286 1311  975     045     00000 0000 30240 0210                  
23080800 002 3 289 1310  975     045     00000 0000 30240 0210                  
23080803 002 3 291 1309  975     045     00000 0000 30240 0210                  
23080806 002 4 294 1307  970     050     00000 0000 30240 0210                  
23080809 002 4 297 1306  970     050     00000 0000 30240 0210                  
23080812 002 4 299 1304  970     050     00000 0000 20240 0210                  
23080815 002 4 302 1301  970     050     00000 0000 20240 0210                  
23080818 002 4 304 1297  970     050     00000 0000 20240 0210                  
23080821 002 4 306 1295  970     050     00000 0000 20240 0210                  
23080900 002 4 309 1293  970     050     00000 0000 20240 0210                  
23080903 002 4 313 1290  970     050     00000 0000 20240 0210                  
23080906 002 4 316 1289  970     050     00000 0000 20240 0210                  
23080909 002 4 319 1288  970     050     00000 0000 20240 0210                  
23080912 002 4 324 1288  975     050     00000 0000 20270 0180                  
23080915 002 4 327 1286  975     050     00000 0000 20270 0180                  
23080918 002 4 334 1286  975     050     00000 0000 20270 0180                  
23080921 002 4 341 1286  975     050     00000 0000 20270 0180                  
23081000 002 3 348 1287  980     045     00000 0000 20270 0180                  
23081006 002 6 366 1281  986     000                                            
23081012 002 6 380 1283  992     000                                            
23081018 002 6 384 1265  994     000                                            
23081100 002 6 387 1259  996     000                                            
23081106 002 6 392 1249  996     000                                            
23081112 002 6 388 1240  998     000                                            
23081118 002 6 376 1249 1002     000                                            
23080700 002 2 225 1490 1004     000                                            
23080706 002 2 228 1494 1002     000                                            
23080712 002 2 231 1498 1004     000                                            
23080718 002 2 236 1499 1002     000                                            
23080800 002 3 239 1494 1000     035     00000 0000 90150 0150                  
23080806 002 3 242 1488  996     040     00000 0000 90150 0150                  
23080812 002 3 244 1483  992     045     00000 0000 90150 0150                  
23080818 002 3 244 1476  992     045     00000 0000 90150 0150                  
23080900 002 4 243 1469  990     050     00000 0000 90150 0150                  
23080906 002 4 246 1461  985     050     00000 0000 10180 0100                  
23080912 002 4 248 1454  980     055     90050 0050 10180 0100                  
23080918 002 4 250 1447  975     060     90060 0060 10180 0100                  
23081000 002 5 252 1439  970     065     90070 0070 10180 0100                  
23081006 002 5 255 1435  960     075     90070 0070 10180 0100                  
23081009 002 5 258 1434  955     080     90070 0070 10180 0100                  
23081012 002 5 260 1432  950     085     90070 0070 10150 0120                  
23081015 002 5 262 1430  950     085     90070 0070 10150 0120                  
23081018 002 5 264 1429  940     090     90070 0070 10150 0120                  
23081021 002 5 266 1430  940     090     90070 0070 10150 0120                  
23081100 002 5 269 1429  940     090     90070 0070 10150 0120                  
23081103 002 5 271 1429  940     090     90070 0070 10150 0120                  
23081106 002 5 274 1429  940     090     90070 0070 10150 0120                  
23081109 002 5 277 1429  940     090     90070 0070 10150 0120                  
23081112 002 5 279 1426  940     090     90070 0070 10150 0120                  
23081115 002 5 280 1424  940     090     90060 0060 10150 0120                  
23081118 002 5 282 1424  950     085     90060 0060 10150 0120                  
23081200 002 5 286 1419  950     085     90070 0070 10150 0120                  
23081206 002 5 289 1414  950     085     90070 0070 10150 0120                  
23081212 002 5 291 1407  955     080     90060 0060 20180 0120                  
23081218 002 5 293 1400  965     075     90060 0060 20180 0120                  
23081300 002 5 298 1396  965     075     90060 0060 20180 0120                  
23081306 002 5 303 1389  965     075     90060 0060 20180 0120                  
23081312 002 5 307 1386  965     075     90060 0060 20180 0120                  
23081318 002 5 312 1381  970     070     90060 0060 20180 0150                  
23081400 002 5 318 1375  970     070     90070 0070 20180 0150                  
23081403 002 5 320 1372  970     070     90070 0070 20180 0150                  
23081406 002 5 323 1369  970     065     90070 0070 20180 0150                  
23081409 002 5 326 1368  970     065     90070 0070 90150 0150                  
23081412 002 4 328 1366  975     060     90070 0070 20150 0120                  
23081415 002 4 330 1364  975     060     90070 0070 20150 0120                  
23081418 002 4 333 1360  975     060     90070 0070 20150 0120                  
23081419 002 4 335 1360  975     060     90070 0070 20150 0120         #        
23081421 002 4 337 1358  975     060     90070 0070 20150 0120                  
23081500 002 4 341 1353  980     055     90070 0070 20150 0120                  
23081503 002 4 345 1350  985     050     00000 0000 20150 0120                  
23081504 002 4 347 1349  985     050     00000 0000 20150 0120         #        
23081506 002 4 351 1349  985     050     00000 0000 20150 0120                  
23081509 002 3 354 1348  990     045     00000 0000 20150 0120                  
23081512 002 3 360 1347  990     045     00000 0000 20150 0120                  
23081518 002 3 370 1348  990     040     00000 0000 20120 0090                  
23081600 002 3 382 1355  990     040     00000 0000 20120 0090                  
23081606 002 3 397 1361  990     040     00000 0000 20120 0090                  
23081612 002 3 406 1366  990     040     00000 0000 90120 0120                  
23081618 002 3 420 1377  990     040     00000 0000 90120 0120                  
23081700 002 3 442 1384  990     040     00000 0000 90120 0120                  
23081706 002 6 448 1394  990     000                                            
23081712 002 6 458 1411  992     000                                            
23081718 002 6 469 1442  992     000                                            
23081800 002 6 478 1475  994     000                                            
23081806 002 6 485 1506  998     000                                            
23081812 002 6 492 1543 1000     000                                            
23081200 002 7 156 1801  975     080     90030 0030 80090 0060                  
23081206 002 5 163 1791  980     075     90030 0030 80090 0060                  
23081212 002 5 170 1780  980     075     90030 0030 80090 0060                  
23081218 002 5 178 1769  980     075     90030 0030 80090 0060                  
23081300 002 5 181 1754  985     070     90020 0020 80090 0060                  
23081306 002 5 181 1741  990     065     90020 0020 80090 0060                  
23081312 002 4 181 1727  994     055     90020 0020 80090 0060                  
23081318 002 4 183 1714  998     050     00000 0000 80090 0060                  
23081400 002 3 187 1702 1000     045     00000 0000 80090 0060                  
23081406 002 3 193 1692 1000     045     00000 0000 80090 0060                  
23081412 002 3 198 1686 1000     045     00000 0000 80090 0060                  
23081418 002 3 202 1682 1004     035     00000 0000 80090 0060                  
23081500 002 2 206 1679 1006     000                                            
23081506 002 2 215 1678 1006     000                                            
23081512 002 2 226 1682 1010     000                                            
23081518 002 2 235 1682 1010     000                                            
23081600 002 2 241 1683 1010     000                                            
23081606 002 2 254 1687 1010     000                                            
23081612 002 2 269 1687 1010     000                                            
23081618 002 2 279 1685 1010     000                                            
23081700 002 2 290 1682 1012     000                                            
23081706 002 2 298 1677 1010     000                                            
23081712 002 2 305 1672 1012     000                                            
23081718 002 2 312 1666 1010     000                                            
23081800 002 2 316 1662 1012     000                                            
23081806 002 2 319 1659 1012     000                                            
23081812 002 2 321 1662 1012     000                                            
23081818 002 2 325 1669 1012     000                                            
23081900 002 2 329 1674 1012     000                                            
23081906 002 2 332 1680 1012     000                                            
23081912 002 2 332 1687 1012     000                                            
23081918 002 2 331 1694 1012     000                                            
23082000 002 2 329 1704 1012     000                                            
23082006 002 2 325 1716 1010     000                                            
23082012 002 2 324 1727 1010     000                                            
23082018 002 2 326 1739 1008     000                                            
23082100 002 2 330 1749 1008     000                                            
23082106 002 2 335 1757 1008     000                                            
23082112 002 6 343 1771 1010     000                                            
23082118 002 6 352 1783 1010     000                                            
23082200 002 6 362 1796 1008     000                                            
23082206 002 6 370 1812 1008     000                                            
23082200 002 2 188 1283 1006     000                                            
23082206 002 2 186 1275 1004     000                                            
23082212 002 2 185 1268 1004     000                                            
23082218 002 2 185 1265 1004     000                                            
23082300 002 2 185 1262 1006     000                                            
23082306 002 2 186 1259 1004     000                                            
23082312 002 2 188 1256 1006     000                                            
23082318 002 2 195 1253 1004     000                                            
23082400 002 2 200 1251 1006     000                                            
23082406 002 3 205 1248 1002     035     00000 0000 30150 0090                  
23082412 002 3 202 1245 1002     035     00000 0000 30150 0090                  
23082418 002 3 201 1243 1000     040     00000 0000 30150 0090                  
23082500 002 3 199 1240  998     045     00000 0000 30150 0090                  
23082506 002 4 198 1238  994     050     00000 0000 30150 0090                  
23082512 002 5 196 1236  980     065     90030 0030 30150 0090                  
23082518 002 5 192 1234  975     070     90040 0040 30150 0090                  
23082600 002 5 185 1232  970     075     90040 0040 30150 0090                  
23082606 002 5 180 1232  955     085     90050 0050 30150 0090                  
23082612 002 5 176 1230  950     090     90050 0050 30150 0090                  
23082618 002 5 172 1229  940     095     90050 0050 30150 0090                  
23082700 002 5 168 1229  940     095     90050 0050 30150 0090                  
23082706 002 5 165 1230  940     095     90050 0050 30150 0090                  
23082712 002 5 162 1232  940     095     90050 0050 30150 0090                  
23082718 002 5 160 1237  955     085     90040 0040 30150 0090                  
23082800 002 5 168 1244  960     080     90040 0040 30150 0090                  
23082806 002 5 175 1242  955     085     90040 0040 90120 0120                  
23082812 002 5 179 1240  955     085     90040 0040 90120 0120                  
23082818 002 5 183 1238  955     085     90040 0040 90120 0120                  
23082900 002 5 185 1235  955     085     90040 0040 90120 0120                  
23082906 002 5 189 1231  950     090     90040 0040 90120 0120                  
23082912 002 5 193 1227  940     095     90050 0050 70150 0120                  
23082918 002 5 199 1219  935     100     90050 0050 70150 0120                  
23083000 002 5 201 1210  920     105     90050 0050 70150 0120                  
23083006 002 5 204 1203  920     105     90050 0050 70150 0120                  
23083012 002 5 207 1196  920     105     90050 0050 80150 0120                  
23083018 002 5 209 1187  920     105     90050 0050 80150 0120                  
23083100 002 5 211 1182  920     105     90050 0050 10150 0120                  
23083106 002 5 212 1178  920     105     90050 0050 10150 0120                  
23083112 002 5 215 1173  935     100     90050 0050 10150 0120                  
23083118 002 5 216 1168  940     095     90050 0050 10150 0120                  
23090100 002 5 219 1162  940     095     90050 0050 10150 0120                  
23090106 002 5 220 1154  940     095     90050 0050 90120 0120                  
23090112 002 5 220 1144  950     085     90050 0050 90090 0090                  
23090118 002 5 220 1134  970     070     90040 0040 90090 0090                  
23090200 002 4 217 1127  980     060     90040 0040 90090 0090                  
23090206 002 4 217 1119  990     050     00000 0000 40060 0040                  
23090212 002 3 217 1111  996     035     00000 0000 40060 0040                  
23090218 002 2 216 1105  998     000                                            
23090300 002 2 214 1097 1000     000                                            
23090306 002 2 212 1094 1000     000                                            
23090312 002 2 209 1093 1000     000                                            
23082318 002 2 169 1516 1002     000                                            
23082400 002 2 171 1520 1002     000                                            
23082406 002 2 173 1524 1000     000                                            
23082412 002 2 176 1531 1002     000                                            
23082418 002 3 180 1538  998     035     00000 0000 20240 0120                  
23082500 002 3 187 1547  998     035     00000 0000 20240 0120                  
23082506 002 3 200 1555  994     040     00000 0000 20240 0180                  
23082512 002 3 215 1553  994     040     00000 0000 20240 0180                  
23082518 002 3 230 1547  994     040     00000 0000 20240 0180                  
23082600 002 3 242 1540  990     045     00000 0000 20240 0180                  
23082606 002 4 261 1529  985     050     00000 0000 20240 0180                  
23082612 002 4 278 1511  985     050     00000 0000 20240 0180                  
23082618 002 4 296 1493  985     050     00000 0000 20240 0150                  
23082700 002 4 317 1473  985     050     00000 0000 20240 0150                  
23082706 002 4 339 1457  985     050     00000 0000 20240 0150                  
23082712 002 4 356 1446  985     050     00000 0000 20240 0150                  
23082718 002 3 371 1442  990     045     00000 0000 20180 0120                  
23082800 002 3 385 1446  990     045     00000 0000 20180 0120                  
23082806 002 3 396 1454  990     045     00000 0000 20180 0120                  
23082812 002 4 406 1472  985     050     00000 0000 30210 0120                  
23082818 002 4 410 1495  985     050     00000 0000 30210 0120                  
23082900 002 3 412 1523  990     045     00000 0000 30210 0120                  
23082906 002 6 411 1567  992     000                                            
23082912 002 6 413 1612  992     000                                            
23082918 002 6 414 1657  992     000                                            
23083000 002 6 424 1727  988     000                                            
23083006 002 6 445 1788  980     000                                            
23083012 002 6 462 1821  974     000                                            
23082706 002 2 183 1443  998     000                                            
23082712 002 2 184 1440 1000     000                                            
23082718 002 2 183 1434  998     000                                            
23082800 002 2 186 1424  998     000                                            
23082806 002 2 187 1413  998     000                                            
23082812 002 2 187 1404  998     000                                            
23082818 002 3 186 1394  996     035     00000 0000 90120 0120                  
23082900 002 3 189 1380  994     040     00000 0000 90120 0120                  
23082906 002 3 190 1374  990     045     00000 0000 10150 0120                  
23082912 002 3 191 1367  990     045     00000 0000 10150 0120                  
23082918 002 3 195 1365  990     045     00000 0000 10150 0120                  
23083000 002 3 201 1362  990     045     00000 0000 10150 0120                  
23083006 002 3 205 1356  990     045     00000 0000 10150 0120                  
23083012 002 3 211 1351  990     045     00000 0000 10150 0120                  
23083018 002 4 211 1337  985     050     00000 0000 10150 0120                  
23083100 002 4 211 1330  980     055     90050 0050 10180 0120                  
23083106 002 4 211 1320  980     055     90050 0050 10180 0120                  
23083112 002 4 212 1311  980     055     90050 0050 10180 0120                  
23083118 002 4 215 1303  980     055     90050 0050 10180 0120                  
23090100 002 4 220 1294  975     060     90060 0060 10180 0120                  
23090106 002 4 222 1284  975     060     90060 0060 10180 0120                  
23090112 002 5 219 1276  970     065     90060 0060 10180 0120                  
23090118 002 5 217 1270  970     065     90060 0060 10180 0120                  
23090200 002 5 221 1263  965     070     90060 0060 10180 0120                  
23090206 002 5 224 1253  960     075     90060 0060 10210 0120                  
23090212 002 5 227 1243  960     075     40080 0070 10210 0120                  
23090218 002 5 227 1231  945     085     40090 0070 10210 0120                  
23090300 002 5 226 1226  950     080     40090 0070 10210 0120                  
23090306 002 5 229 1215  965     065     90060 0060 10210 0120                  
23090312 002 4 228 1201  975     055     90030 0030 10210 0120                  
23090318 002 4 226 1200  980     050     00000 0000 10210 0120                  
23090400 002 3 231 1198  985     045     00000 0000 10210 0120                  
23090406 002 3 232 1192  985     045     00000 0000 10210 0120                  
23090412 002 3 239 1186  992     040     00000 0000 10210 0120                  
23090418 002 3 235 1173  996     035     00000 0000 10210 0120                  
23090500 002 2 234 1168 1000     000                                            
23090506 002 2 235 1165 1000     000                                            
23090512 002 2 235 1161 1002     000                                            
23090518 002 2 233 1155 1004     000                                            
23090600 002 2 232 1151 1006     000                                            
23082918 002 2 113 1547 1004     000                                            
23083000 002 2 122 1545 1004     000                                            
23083006 002 2 128 1544 1002     000                                            
23083012 002 3 133 1543 1000     035     00000 0000 10120 0090                  
23083018 002 3 140 1544  998     040     00000 0000 10120 0090                  
23083100 002 3 151 1545  998     040     00000 0000 10150 0090                  
23083106 002 3 167 1542  994     045     00000 0000 10150 0090                  
23083112 002 3 180 1539  994     045     00000 0000 10180 0120                  
23083118 002 3 190 1529  994     045     00000 0000 10180 0120                  
23090100 002 3 204 1519  994     045     00000 0000 10180 0120                  
23090106 002 3 220 1508  998     040     00000 0000 10210 0090                  
23090112 002 3 234 1494  998     040     00000 0000 10210 0090                  
23090118 002 3 244 1485  998     040     00000 0000 10210 0090                  
23090200 002 3 254 1477 1000     035     00000 0000 10210 0090                  
23090206 002 3 271 1463 1000     035     00000 0000 10180 0090                  
23090212 002 3 286 1449 1000     035     00000 0000 10180 0090                  
23090218 002 3 291 1430 1000     035     00000 0000 10180 0090                  
23090300 002 2 295 1420 1002     000                                            
23090306 002 2 302 1407 1002     000                                            
23090312 002 2 305 1397 1002     000                                            
23090318 002 2 312 1382 1002     000                                            
23090400 002 2 318 1371 1002     000                                            
23090406 002 2 318 1357 1002     000                                            
23090412 002 2 316 1345 1004     000                                            
23090418 002 2 315 1333 1004     000                                            
23090500 002 2 311 1318 1004     000                                            
23090506 002 2 310 1320 1004     000                                            
23090512 002 2 312 1324 1004     000                                            
23090518 002 2 318 1327 1004     000                                            
23090600 002 2 321 1333 1004     000                                            
23090606 002 2 321 1340 1002     000                                            
23090612 002 2 321 1346 1004     000                                            
23090406 002 2 200 1294 1002     000                                            
23090412 002 2 205 1303 1002     000                                            
23090418 002 2 209 1307 1002     000                                            
23090500 002 2 213 1310 1004     000                                            
23090506 002 2 219 1315 1002     000                                            
23090512 002 3 227 1319 1000     035     00000 0000 30150 0090                  
23090518 002 3 241 1325 1000     035     00000 0000 30150 0090                  
23090600 002 3 256 1331 1000     035     00000 0000 30150 0090                  
23090606 002 3 266 1342  998     040     00000 0000 30120 0090                  
23090612 002 3 274 1348  998     040     00000 0000 30120 0090                  
23090618 002 3 285 1356  998     040     00000 0000 30150 0090                  
23090700 002 3 297 1365  998     040     00000 0000 30150 0090                  
23090706 002 3 309 1370  998     040     00000 0000 20150 0120                  
23090712 002 3 317 1370  998     040     00000 0000 10180 0120                  
23090718 002 3 326 1370  998     040     00000 0000 10180 0120                  
23090800 002 3 327 1371  998     040     00000 0000 10180 0120                  
23090806 002 3 326 1374 1000     035     00000 0000 10180 0120                  
23090812 002 2 336 1380 1004     000                                            
23090818 002 2 342 1382 1006     000                                            
23092812 002 2 158 1390 1004     000                                            
23092818 002 2 156 1375 1004     000                                            
23092900 002 2 153 1358 1004     000                                            
23092906 002 2 152 1351 1002     000                                            
23092912 002 2 156 1342 1004     000                                            
23092918 002 3 155 1323 1000     035     00000 0000 50180 0120                  
23093000 002 3 153 1318 1000     035     00000 0000 50180 0120                  
23093006 002 3 161 1314  998     035     00000 0000 50180 0120                  
23093012 002 3 165 1306  996     040     00000 0000 50180 0120                  
23093018 002 3 170 1302  992     045     00000 0000 40270 0120                  
23100100 002 4 174 1295  990     050     00000 0000 40270 0120                  
23100106 002 4 179 1288  990     050     00000 0000 30300 0210                  
23100112 002 4 183 1284  985     055     90050 0050 30300 0210                  
23100118 002 5 187 1280  975     065     90050 0050 30300 0210                  
23100200 002 5 192 1273  965     075     90060 0060 30300 0210                  
23100206 002 5 197 1266  955     080     90060 0060 30300 0240                  
23100212 002 5 200 1262  950     085     90080 0080 90300 0300                  
23100218 002 5 202 1255  940     090     90090 0090 90300 0300                  
23100300 002 5 205 1251  940     090     90090 0090 90300 0300                  
23100306 002 5 212 1249  940     090     90090 0090 90300 0300                  
23100312 002 5 217 1247  940     090     90090 0090 90300 0300                  
23100318 002 5 221 1240  950     085     90090 0090 70300 0240                  
23100400 002 5 222 1235  950     085     90090 0090 70300 0240                  
23100406 002 5 222 1227  940     090     90090 0090 70300 0240                  
23100412 002 5 220 1220  940     090     90090 0090 80350 0180                  
23100418 002 5 220 1212  940     090     90090 0090 80350 0180                  
23100500 002 5 220 1208  960     080     80180 0090 80350 0180                  
23100506 002 5 220 1200  975     070     80180 0060 10350 0150                  
23100512 002 5 220 1191  975     070     80180 0060 10350 0150                  
23100518 002 5 219 1183  980     065     90060 0060 90150 0150                  
23100600 002 5 218 1177  970     075     90060 0060 90150 0150                  
23100606 002 5 217 1169  960     080     90060 0060 90120 0120                  
23100612 002 5 215 1163  960     080     90045 0045 20120 0090                  
23100618 002 5 212 1157  955     085     90045 0045 20180 0090                  
23100700 002 5 212 1154  955     085     90045 0045 20210 0120                  
23100706 002 5 212 1152  955     085     90045 0045 20210 0120                  
23100712 002 5 213 1151  960     080     90045 0045 90120 0120                  
23100718 002 5 214 1149  970     075     90045 0045 90120 0120                  
23100800 002 5 215 1146  975     070     90045 0045 90120 0120                  
23100806 002 5 216 1143  975     070     90030 0030 40120 0090                  
23100812 002 5 217 1140  980     065     90030 0030 40120 0090                  
23100818 002 4 218 1137  992     055     90020 0020 90060 0060                  
23100900 002 3 217 1133  998     045     00000 0000 90060 0060                  
23100906 002 2 214 1128 1010     000                                            
23100912 002 2 212 1126 1012     000                                            
23100918 002 2 209 1124 1012     000                                            
23100606 002 2 094 1553 1006     000                                            
23100612 002 2 097 1550 1006     000                                            
23100618 002 2 098 1548 1004     000                                            
23100700 002 2 099 1545 1004     000                                            
23100706 002 2 099 1541 1002     000                                            
23100712 002 3 099 1537 1000     035     00000 0000 80120 0090                  
23100718 002 3 099 1533 1000     035     00000 0000 80120 0090                  
23100800 002 3 098 1528 1000     035     00000 0000 90120 0120                  
23100806 002 3 098 1523  998     040     00000 0000 90120 0120                  
23100812 002 3 099 1516  996     045     00000 0000 90200 0200                  
23100818 002 4 101 1508  992     050     00000 0000 90240 0240                  
23100900 002 4 105 1501  990     055     90020 0020 90270 0270                  
23100906 002 4 111 1493  990     055     90020 0020 90270 0270                  
23100912 002 4 117 1486  990     055     90020 0020 90270 0270                  
23100918 002 4 127 1477  985     060     90025 0025 20270 0240                  
23101000 002 5 137 1466  980     065     90025 0025 20300 0210                  
23101006 002 5 144 1457  975     070     90030 0030 20300 0210                  
23101012 002 5 151 1449  970     075     90030 0030 20300 0210                  
23101018 002 5 160 1445  955     085     90040 0040 20300 0210                  
23101100 002 5 171 1440  935     100     90055 0055 20300 0210                  
23101106 002 5 182 1434  910     110     90060 0060 20300 0210                  
23101112 002 5 189 1430  905     115     90065 0065 20300 0210                  
23101118 002 5 197 1428  905     115     90065 0065 20300 0210                  
23101200 002 5 206 1429  905     115     90065 0065 30300 0240                  
23101206 002 5 218 1434  905     115     90075 0075 30300 0240                  
23101212 002 5 227 1443  905     115     90110 0110 30300 0240                  
23101218 002 5 240 1454  920     105     90110 0110 30350 0240                  
23101300 002 5 255 1469  925     100     30140 0110 30350 0240                  
23101306 002 5 272 1487  935     095     30140 0110 30400 0240                  
23101312 002 5 292 1510  935     090     30140 0110 30400 0240                  
23101318 002 5 313 1535  945     085     30140 0110 30400 0240                  
23101400 002 5 341 1566  950     080     30180 0120 30400 0240                  
23101406 002 5 371 1602  950     075     20200 0120 30400 0300                  
23101412 002 6 402 1646  950     000                                            
23101418 002 6 429 1680  950     000                                            
23101500 002 6 443 1708  952     000                                            
23101506 002 6 447 1749  954     000                                            
23101512 002 6 451 1792  956     000                                            
23101518 002 6 453 1834  956     000                                            
23101706 002 2 159 1102 1006     000                                            
23101712 002 2 161 1100 1006     000                                            
23101718 002 2 165 1097 1006     000                                            
23101800 002 3 171 1093 1002     035     00000 0000 10180 0120                  
23101806 002 3 176 1087 1002     035     00000 0000 10180 0120                  
23101812 002 3 183 1083 1002     035     00000 0000 10180 0120                  
23101818 002 3 187 1084 1002     035     00000 0000 20210 0120                  
23101900 002 3 194 1087 1002     035     00000 0000 20210 0120                  
23101906 002 3 200 1090 1002     035     00000 0000 20180 0120                  
23101912 002 3 210 1094 1000     040     00000 0000 90150 0150                  
23101918 002 3 214 1095 1002     035     00000 0000 90150 0150                  
23102000 002 2 214 1098 1008     000                                            
23102006 002 2 209 1097 1008     000                                            
