66666 2301  014 0003 2301 0 6                SANVU              20230704        
66666 2302  067 0004 2302 0 6                MAWAR              20230830        
66666 2303  044 0005 2303 1 0               GUCHOL              20230906        
66666 2304  023 0006 2304 0 6                TALIM              20231025        
66666 2305  042 0007 2305 0 6              DOKSURI              20231025        
66666 2306  106 0008 2306 0 6               KHANUN              20231027        
66666 2307  061 0009 2307 0 6                  LAN              20231108        
66666 2308  042 0010 2308 1 0                 DORA              20231110        
66666 2309  051 0011 2309 0 6                SAOLA              20231127        
66666 2310  028 0012 2310 1 0               DAMREY              20231127        
66666 2311  040 0013 2311 0 6               HAIKUI              20231127        
66666 2312  032 0014 2312 0 6               KIROGI              20231128        
66666 2313  019 0015 2313 0 6            YUN-YEUNG              20231129        
66666 2314  046 0016 2314 0 6                KOINU              20240110        
66666 2315  039 0017 2315 1 0              BOLAVEN              20240110        
66666 2316  013 0018 2316 0 6                SANBA              20240111        
